
A = [2*10^(-8) 0.1/150000; 0.16/400000 2*10^(-8)];
b = [0.05; 0.08];
x = A\b