A = [18*10^(-8) 12*0.1/150000; 6*0.16/400000 18*10^(-8)];
b = [12*0.05; 6*0.08];
x = A\b
%A population of 194703 Fin whales and 70619 Blue whales will result in the maximum revenue