A = [10^(-8) 0.05/150000; 0.08/400000 10^(-8)];
b = [0.05; 0.08];
x = A\b


%A population of 393,090 Fin whales and 138,207 Blue whales will result in a total of 531,297 whales, 